0 2597.9000045800876
100 2596.175605804112
200 2600.675605804112
300 2598.1244033560615
400 2598.451207028138
500 2597.553611924239
600 2596.329213148263
700 2597.329213148263
800 2601.1560168203396
900 2596.8804155963153
1000 2597.104814372289
1100 2594.604814372289
1200 2592.553611924239
1300 2590.6560168203396
1400 2590.70721926839
1500 2591.982820492416
1600 2593.70721926839
1700 2591.1560168203396
1800 2591.20721926839
1900 2592.482820492416
2000 2593.482820492416
2100 2592.4316180443657
2200 2590.8804155963153
2300 2593.1560168203396
2400 2593.8804155963153
2500 2593.4316180443657
2600 2592.8804155963153
2700 2592.6560168203396
2800 2593.053611924239
2900 2595.053611924239
3000 2597.553611924239
3100 2597.553611924239
3200 2596.7780107002127
3300 2596.553611924239
3400 2596.553611924239
3500 2598.104814372289
3600 2597.053611924239
3700 2599.104814372289
3800 2596.6560168203396
3900 2597.6560168203396
4000 2597.4316180443657
4100 2597.9316180443657
4200 2598.20721926839
4300 2600.4316180443657
4400 2600.4316180443657
4500 2599.982820492416
4600 2601.0340229404665
4700 2602.2584217164404
4800 2602.360826612541
4900 2603.1364278365672
5000 2600.085225388517
5100 2599.8096241644907
5200 2600.6364278365672
5300 2601.463231508642
5400 2601.360826612541
5500 2600.3096241644907
5600 2598.7584217164404
5700 2597.5340229404665
5800 2595.585225388517
5900 2597.6364278365672
6000 2599.860826612541
6100 2599.085225388517
6200 2597.20721926839
6300 2600.7584217164404
6400 2602.70721926839
6500 2599.7584217164404
6600 2597.860826612541
6700 2599.360826612541
6800 2598.085225388517
6900 2597.860826612541
7000 2599.8096241644907
7100 2601.5340229404665
7200 2597.8096241644907
7300 2599.085225388517
7400 2599.360826612541
7500 2599.9120290605915
7600 2599.963231508642
7700 2596.6364278365672
7800 2599.1364278365672
7900 2596.9120290605915
8000 2595.6364278365672
8100 2592.963231508642
8200 2590.963231508642
8300 2589.738832732668
8400 2587.5656364047427
8500 2585.841237628769
8600 2587.341237628769
8700 2589.0656364047427
8800 2586.841237628769
8900 2586.738832732668
9000 2583.963231508642
9100 2584.5144339566923
9200 2584.5144339566923
9300 2586.0656364047427
9400 2585.116838852793
9500 2585.841237628769
9600 2583.841237628769
9700 2586.5656364047427
9800 2584.841237628769
9900 2585.0144339566923
10000 2583.5144339566923
10100 2585.738832732668
10200 2586.0144339566923
10300 2587.5144339566923
10400 2588.5144339566923
10500 2591.5144339566923
10600 2591.1876302846176
10700 2593.963231508642
10800 2592.738832732668
10900 2593.5144339566923
11000 2593.841237628769
11100 2593.841237628769
11200 2594.841237628769
11300 2592.9436425248696
11400 2592.719243748894
11500 2595.719243748894
11600 2592.9436425248696
11700 2593.616838852793
11800 2592.616838852793
11900 2593.392440076819
12000 2595.6680413008435
12100 2594.6680413008435
12200 2596.616838852793
12300 2597.616838852793
12400 2600.0656364047427
12500 2598.5144339566923
12600 2597.963231508642
12700 2597.738832732668
12800 2596.0144339566923
12900 2595.238832732668
13000 2598.0656364047427
13100 2595.5656364047427
13200 2595.5144339566923
13300 2595.0656364047427
13400 2594.5656364047427
13500 2593.0656364047427
13600 2593.0144339566923
13700 2594.0656364047427
13800 2592.0656364047427
13900 2592.616838852793
14000 2593.392440076819
14100 2594.1680413008435
14200 2594.0656364047427
14300 2591.2900351807184
14400 2590.616838852793
14500 2591.841237628769
14600 2587.738832732668
14700 2590.4120290605915
14800 2589.963231508642
14900 2589.963231508642
15000 2589.7900351807184
15100 2589.5656364047427
15200 2587.5144339566923
15300 2585.0656364047427
15400 2583.5656364047427
15500 2584.0656364047427
15600 2583.2900351807184
15700 2582.0656364047427
15800 2582.738832732668
15900 2582.963231508642
16000 2581.2900351807184
16100 2580.0144339566923
16200 2581.5144339566923
16300 2582.5144339566923
16400 2583.1876302846176
16500 2582.963231508642
16600 2583.463231508642
16700 2581.963231508642
16800 2581.9120290605915
16900 2581.085225388517
17000 2582.085225388517
17100 2581.6364278365672
17200 2579.6364278365672
17300 2579.860826612541
17400 2579.1876302846176
17500 2579.1876302846176
17600 2579.463231508642
17700 2579.2900351807184
17800 2579.841237628769
17900 2581.0656364047427
18000 2580.5144339566923
18100 2580.0656364047427
18200 2581.0656364047427
18300 2579.2900351807184
18400 2581.5144339566923
18500 2580.963231508642
18600 2581.1876302846176
18700 2581.963231508642
18800 2582.5144339566923
18900 2582.0656364047427
19000 2581.2900351807184
19100 2580.738832732668
19200 2580.963231508642
19300 2579.5144339566923
19400 2578.963231508642
19500 2577.841237628769
19600 2574.116838852793
19700 2574.0656364047427
19800 2572.841237628769
19900 2575.841237628769
20000 2576.1680413008435
20100 2573.0656364047427
20200 2574.616838852793
20300 2573.392440076819
20400 2574.616838852793
20500 2573.841237628769
20600 2576.0656364047427
20700 2576.0656364047427
20800 2573.616838852793
20900 2570.616838852793
21000 2570.719243748894
21100 2572.616838852793
21200 2572.0656364047427
21300 2575.0656364047427
21400 2577.0656364047427
21500 2574.392440076819
21600 2575.616838852793
21700 2575.616838852793
21800 2574.392440076819
21900 2575.4436425248696
22000 2573.719243748894
22100 2573.99484497292
22200 2574.49484497292
22300 2573.719243748894
22400 2572.719243748894
22500 2574.0460474209704
22600 2571.872851093047
22700 2571.372851093047
22800 2573.3216486449965
22900 2574.8216486449965
23000 2572.5460474209704
23100 2567.8216486449965
23200 2569.3216486449965
23300 2568.2704461969442
23400 2567.0460474209704
23500 2565.0460474209704
23600 2563.8216486449965
23700 2563.872851093047
23800 2562.148452317071
23900 2561.9752559891476
24000 2564.148452317071
24100 2564.9240535410972
24200 2562.5972498690207
24300 2561.6996547651215
24400 2562.250857213172
24500 2563.1996547651215
24600 2565.6996547651215
24700 2566.6996547651215
24800 2565.9240535410972
24900 2567.750857213172
25000 2568.026458437198
25100 2567.250857213172
25200 2567.4752559891476
25300 2565.1996547651215
25400 2563.4240535410972
25500 2563.148452317071
25600 2561.372851093047
25700 2560.8216486449965
25800 2561.372851093047
25900 2561.372851093047
26000 2560.9240535410972
26100 2559.372851093047
26200 2557.9240535410972
26300 2560.6996547651215
26400 2561.372851093047
26500 2562.8216486449965
26600 2563.2704461969442
26700 2564.719243748894
26800 2563.4436425248696
26900 2561.9436425248696
27000 2559.9436425248696
27100 2558.719243748894
27200 2557.49484497292
27300 2557.8216486449965
27400 2559.719243748894
27500 2559.6680413008435
27600 2558.6680413008435
27700 2561.616838852793
27800 2561.841237628769
27900 2562.392440076819
28000 2562.892440076819
28100 2566.0656364047427
28200 2564.841237628769
28300 2565.841237628769
28400 2566.0656364047427
28500 2565.616838852793
28600 2565.1680413008435
28700 2565.6680413008435
28800 2566.1680413008435
28900 2564.616838852793
29000 2563.392440076819
29100 2565.4436425248696
29200 2565.49484497292
29300 2565.1680413008435
29400 2567.719243748894
29500 2568.49484497292
29600 2568.49484497292
29700 2568.219243748894
29800 2566.0460474209704
29900 2564.0460474209704
30000 2564.5460474209704
30100 2564.8216486449965
30200 2566.0460474209704
30300 2564.4240535410972
30400 2564.9240535410972
30500 2563.6996547651215
30600 2564.026458437198
30700 2563.8020596612223
30800 2563.3020596612223
30900 2561.8020596612223
31000 2562.0776608852484
31100 2561.0776608852484
31200 2559.628863333299
31300 2560.128863333299
31400 2560.128863333299
31500 2560.8020596612223
31600 2563.026458437198
31700 2562.8020596612223
31800 2562.128863333299
31900 2561.3532621092727
32000 2562.0776608852484
32100 2560.026458437198
32200 2560.9752559891476
32300 2559.9240535410972
32400 2561.250857213172
32500 2561.250857213172
32600 2562.4752559891476
32700 2562.026458437198
32800 2558.250857213172
32900 2562.026458437198
33000 2560.250857213172
33100 2558.250857213172
33200 2555.750857213172
33300 2556.6996547651215
33400 2557.9240535410972
33500 2556.6996547651215
33600 2559.872851093047
33700 2561.0460474209704
33800 2561.2704461969442
33900 2563.8216486449965
34000 2564.2704461969442
34100 2563.49484497292
34200 2563.9436425248696
34300 2564.6680413008435
34400 2562.719243748894
34500 2563.49484497292
34600 2564.49484497292
34700 2563.0460474209704
34800 2563.0460474209704
34900 2564.0460474209704
35000 2563.2704461969442
35100 2564.49484497292
35200 2566.1680413008435
35300 2566.9436425248696
35400 2566.9436425248696
35500 2567.616838852793
35600 2566.49484497292
35700 2567.2704461969442
35800 2568.219243748894
35900 2568.9436425248696
36000 2568.719243748894
36100 2570.8216486449965
36200 2569.2704461969442
36300 2569.49484497292
36400 2570.719243748894
36500 2570.49484497292
36600 2570.3216486449965
36700 2570.5972498690207
36800 2570.3216486449965
36900 2569.8216486449965
37000 2568.8216486449965
37100 2570.372851093047
37200 2571.372851093047
37300 2571.4240535410972
37400 2572.0972498690207
37500 2570.5972498690207
37600 2569.5972498690207
37700 2572.0460474209704
37800 2574.5972498690207
37900 2573.372851093047
38000 2573.372851093047
38100 2568.9240535410972
38200 2569.5972498690207
38300 2569.8216486449965
38400 2569.372851093047
38500 2569.372851093047
38600 2570.4240535410972
38700 2571.4752559891476
38800 2571.8020596612223
38900 2571.0776608852484
39000 2572.628863333299
39100 2572.8020596612223
39200 2568.8020596612223
39300 2567.8020596612223
39400 2566.4752559891476
39500 2569.026458437198
39600 2569.6996547651215
39700 2570.4752559891476
39800 2573.026458437198
39900 2572.5776608852484
40000 2573.3020596612223
40100 2574.8532621092727
40200 2577.5776608852484
40300 2575.5776608852484
40400 2576.3532621092727
40500 2575.3532621092727
40600 2574.3532621092727
40700 2573.680065781349
40800 2574.680065781349
40900 2574.904464557323
41000 2573.2312682293996
41100 2572.78247067745
41200 2572.006869453424
41300 2570.2312682293996
41400 2569.7312682293996
41500 2570.180065781349
41600 2568.9556670053735
41700 2567.680065781349
41800 2567.680065781349
41900 2567.4556670053735
42000 2571.2312682293996
42100 2571.4556670053735
42200 2572.006869453424
42300 2571.9556670053735
42400 2576.680065781349
42500 2576.904464557323
42600 2577.4556670053735
42700 2576.680065781349
42800 2577.2312682293996
42900 2577.3336731255004
43000 2576.006869453424
43100 2575.006869453424
43200 2575.006869453424
43300 2575.78247067745
43400 2575.28247067745
43500 2572.78247067745
43600 2572.5580719014742
43700 2572.78247067745
43800 2573.7312682293996
43900 2577.006869453424
44000 2574.78247067745
44100 2575.3336731255004
44200 2574.1092743495246
44300 2575.3336731255004
44400 2576.3336731255004
44500 2573.3336731255004
44600 2570.28247067745
44700 2569.506869453424
44800 2567.006869453424
44900 2566.8336731255004
45000 2567.8848755735507
45100 2566.660476797575
45200 2567.8848755735507
45300 2570.1092743495246
45400 2570.8848755735507
45500 2570.8848755735507
45600 2570.436078021601
45700 2568.660476797575
45800 2569.660476797575
45900 2569.660476797575
46000 2570.936078021601
46100 2568.9872804696515
46200 2568.2628816936776
46300 2567.9872804696515
46400 2569.814084141728
46500 2566.8652865897784
46600 2568.3652865897784
46700 2568.314084141728
46800 2570.0896853657523
46900 2565.4872804696515
47000 2566.814084141728
47100 2565.3652865897784
47200 2565.8652865897784
47300 2566.6408878138027
47400 2566.0896853657523
47500 2566.0896853657523
47600 2564.0896853657523
47700 2566.0896853657523
47800 2566.0896853657523
47900 2567.5896853657523
48000 2569.538482917702
48100 2571.2116792456272
48200 2570.436078021601
48300 2572.436078021601
48400 2571.436078021601
48500 2571.5580719014742
48600 2572.78247067745
48700 2570.506869453424
48800 2572.2312682293996
48900 2574.2312682293996
49000 2576.78247067745
49100 2573.78247067745
49200 2574.506869453424
49300 2576.506869453424
49400 2575.006869453424
49500 2574.78247067745
49600 2574.78247067745
49700 2574.28247067745
49800 2573.3848755735507
49900 2572.160476797575
50000 2570.1092743495246
50100 2572.1092743495246
50200 2573.3848755735507
50300 2572.1092743495246
50400 2571.3336731255004
50500 2570.506869453424
50600 2569.3336731255004
50700 2571.0580719014742
50800 2572.28247067745
50900 2571.1092743495246
51000 2569.660476797575
51100 2568.1092743495246
51200 2566.3336731255004
51300 2567.0580719014742
51400 2567.78247067745
51500 2571.78247067745
51600 2571.9556670053735
51700 2575.2312682293996
51800 2575.628863333299
51900 2576.5776608852484
52000 2576.8020596612223
52100 2578.026458437198
52200 2578.8020596612223
52300 2575.8020596612223
52400 2574.026458437198
52500 2573.5776608852484
52600 2576.5776608852484
52700 2574.5776608852484
52800 2571.628863333299
52900 2571.680065781349
53000 2571.128863333299
53100 2573.3532621092727
53200 2572.180065781349
53300 2568.78247067745
53400 2570.78247067745
53500 2570.7312682293996
53600 2570.4556670053735
53700 2572.680065781349
53800 2570.8532621092727
53900 2570.4556670053735
54000 2570.904464557323
54100 2572.680065781349
54200 2574.128863333299
54300 2575.3532621092727
54400 2574.628863333299
54500 2574.128863333299
54600 2572.3532621092727
54700 2574.3532621092727
54800 2574.5776608852484
54900 2574.8532621092727
55000 2575.5776608852484
55100 2576.5776608852484
55200 2576.5776608852484
55300 2576.3532621092727
55400 2577.3532621092727
55500 2576.628863333299
55600 2576.404464557323
55700 2576.128863333299
55800 2578.128863333299
55900 2577.5776608852484
56000 2576.128863333299
56100 2580.2312682293996
56200 2580.4556670053735
56300 2582.680065781349
56400 2580.404464557323
56500 2582.680065781349
56600 2580.128863333299
56700 2581.4556670053735
56800 2583.9556670053735
56900 2586.2312682293996
57000 2587.180065781349
57100 2588.78247067745
57200 2590.2312682293996
57300 2588.2312682293996
57400 2587.78247067745
57500 2588.1092743495246
57600 2588.3336731255004
57700 2585.78247067745
57800 2583.8336731255004
57900 2584.0580719014742
58000 2582.3848755735507
58100 2579.436078021601
58200 2579.660476797575
58300 2579.6092743495246
58400 2577.8848755735507
58500 2576.660476797575
58600 2575.660476797575
58700 2577.436078021601
58800 2577.2116792456272
58900 2576.8848755735507
59000 2577.8848755735507
59100 2580.8848755735507
59200 2581.3848755735507
59300 2584.436078021601
59400 2583.7116792456272
59500 2583.538482917702
59600 2582.2628816936776
59700 2583.038482917702
59800 2583.0896853657523
59900 2580.0896853657523
60000 2580.6408878138027
60100 2580.038482917702
60200 2582.9872804696515
60300 2583.038482917702
60400 2580.9872804696515
60500 2583.2116792456272
60600 2582.160476797575
60700 2581.1092743495246
60800 2580.6092743495246
60900 2581.8336731255004
61000 2581.8848755735507
61100 2582.8848755735507
61200 2585.936078021601
61300 2584.1092743495246
61400 2584.8336731255004
61500 2585.3336731255004
61600 2587.1092743495246
61700 2588.8848755735507
61800 2589.1092743495246
61900 2592.936078021601
62000 2592.660476797575
62100 2592.936078021601
62200 2592.660476797575
62300 2594.2116792456272
62400 2595.436078021601
62500 2597.436078021601
62600 2597.9872804696515
62700 2598.538482917702
62800 2597.7116792456272
62900 2597.538482917702
63000 2598.038482917702
63100 2596.038482917702
63200 2596.038482917702
63300 2596.038482917702
63400 2596.038482917702
63500 2593.9872804696515
63600 2594.538482917702
63700 2594.7628816936776
63800 2597.9872804696515
63900 2598.4872804696515
64000 2599.9872804696515
64100 2597.2116792456272
64200 2592.9872804696515
64300 2592.7628816936776
64400 2591.2116792456272
64500 2590.7116792456272
64600 2588.9872804696515
64700 2589.7628816936776
64800 2589.9872804696515
64900 2591.436078021601
65000 2594.660476797575
65100 2596.1092743495246
65200 2593.936078021601
65300 2591.660476797575
65400 2591.436078021601
65500 2590.2116792456272
65600 2588.314084141728
65700 2587.6408878138027
65800 2584.0896853657523
65900 2585.538482917702
66000 2585.038482917702
66100 2584.7628816936776
66200 2582.9872804696515
66300 2585.2116792456272
66400 2585.2116792456272
66500 2584.538482917702
66600 2584.0896853657523
66700 2584.038482917702
66800 2586.2628816936776
66900 2591.7116792456272
67000 2591.436078021601
67100 2591.3848755735507
67200 2590.660476797575
67300 2592.9872804696515
67400 2592.436078021601
67500 2590.660476797575
67600 2588.4872804696515
67700 2589.4872804696515
67800 2587.7116792456272
67900 2586.2628816936776
68000 2586.2628816936776
68100 2584.538482917702
68200 2585.538482917702
68300 2586.2628816936776
68400 2586.314084141728
68500 2586.6408878138027
68600 2587.6408878138027
68700 2589.814084141728
68800 2591.538482917702
68900 2592.5896853657523
69000 2586.7628816936776
69100 2586.2628816936776
69200 2586.538482917702
69300 2586.9872804696515
69400 2588.9872804696515
69500 2590.4872804696515
69600 2585.9872804696515
69700 2589.038482917702
69800 2588.2628816936776
69900 2589.6408878138027
70000 2589.192090261853
70100 2587.192090261853
70200 2586.967691485879
70300 2582.967691485879
70400 2580.7432927099035
70500 2580.294495157954
70600 2581.07009638198
70700 2581.8456976060043
70800 2580.0188939339296
70900 2580.7432927099035
71000 2581.07009638198
71100 2580.8456976060043
71200 2580.3456976060043
71300 2580.8969000540546
71400 2579.448102502105
71500 2580.723703726131
71600 2579.2749061741815
71700 2582.050507398206
71800 2582.3773110702823
71900 2583.101709846258
72000 2583.3773110702823
72100 2581.601709846258
72200 2582.1529122943084
72300 2583.826108622232
72400 2584.101709846258
72500 2584.601709846258
72600 2585.7749061741815
72700 2585.4993049501554
72800 2586.448102502105
72900 2585.4993049501554
73000 2584.1725012780807
73100 2583.8456976060043
73200 2584.6212988300304
73300 2582.8456976060043
73400 2582.294495157954
73500 2581.0188939339296
73600 2580.294495157954
73700 2581.794495157954
73800 2581.294495157954
73900 2580.294495157954
74000 2581.07009638198
74100 2582.6212988300304
74200 2583.948102502105
74300 2581.9993049501554
74400 2583.4993049501554
74500 2583.4993049501554
74600 2584.448102502105
74700 2581.448102502105
74800 2580.723703726131
74900 2579.9993049501554
75000 2578.2749061741815
75100 2578.601709846258
75200 2578.050507398206
75300 2575.1725012780807
75400 2575.723703726131
75500 2573.948102502105
75600 2576.6725012780807
75700 2578.1725012780807
75800 2578.3969000540546
75900 2579.07009638198
76000 2577.07009638198
76100 2579.294495157954
76200 2581.8456976060043
76300 2582.07009638198
76400 2581.3456976060043
76500 2578.3969000540546
76600 2574.3969000540546
76700 2573.3969000540546
76800 2575.1725012780807
76900 2573.4993049501554
77000 2572.4993049501554
77100 2572.326108622232
77200 2569.826108622232
77300 2568.1529122943084
77400 2569.204114742359
77500 2570.479715966383
77600 2571.479715966383
77700 2570.204114742359
77800 2571.479715966383
77900 2570.85772208651
78000 2569.35772208651
78100 2569.582120862484
78200 2569.582120862484
78300 2570.5309184144335
78400 2570.0309184144335
78500 2572.979715966383
78600 2576.255317190409
78700 2576.255317190409
78800 2577.755317190409
78900 2575.1529122943084
79000 2573.3773110702823
79100 2576.4285135183327
79200 2575.9285135183327
79300 2574.3773110702823
79400 2573.9285135183327
79500 2573.8065196384596
79600 2570.704114742359
79700 2570.3773110702823
79800 2573.601709846258
79900 2573.101709846258
80000 2571.826108622232
80100 2573.7749061741815
80200 2572.4993049501554
80300 2574.050507398206
80400 2571.326108622232
80500 2570.3773110702823
80600 2571.8773110702823
80700 2570.1529122943084
80800 2571.4285135183327
80900 2570.9285135183327
81000 2568.704114742359
81100 2572.6529122943084
81200 2574.8773110702823
81300 2574.3773110702823
81400 2573.4285135183327
81500 2572.3773110702823
81600 2574.1529122943084
81700 2574.101709846258
81800 2574.2749061741815
81900 2576.050507398206
82000 2576.7749061741815
82100 2578.050507398206
82200 2575.2749061741815
82300 2574.2749061741815
82400 2577.050507398206
82500 2578.050507398206
82600 2579.050507398206
82700 2579.2749061741815
82800 2582.948102502105
82900 2581.948102502105
83000 2582.8456976060043
83100 2583.3456976060043
83200 2581.6212988300304
83300 2580.8456976060043
83400 2584.07009638198
83500 2585.5188939339296
83600 2587.7432927099035
83700 2588.5188939339296
83800 2590.7432927099035
83900 2589.192090261853
84000 2590.416489037829
84100 2591.967691485879
84200 2589.192090261853
84300 2589.192090261853
84400 2589.7432927099035
84500 2588.7432927099035
84600 2587.2432927099035
84700 2587.294495157954
84800 2584.7432927099035
84900 2587.07009638198
85000 2587.794495157954
85100 2586.294495157954
85200 2583.8456976060043
85300 2583.8456976060043
85400 2584.3969000540546
85500 2586.6212988300304
85600 2585.3969000540546
85700 2587.294495157954
85800 2588.5188939339296
85900 2590.967691485879
86000 2592.416489037829
86100 2593.192090261853
86200 2593.967691485879
86300 2593.7432927099035
86400 2592.2432927099035
86500 2590.467691485879
86600 2592.192090261853
86700 2593.416489037829
86800 2593.967691485879
86900 2592.2432927099035
87000 2591.967691485879
87100 2592.192090261853
87200 2590.916489037829
87300 2589.3652865897784
87400 2589.0896853657523
87500 2588.416489037829
87600 2587.916489037829
87700 2588.6408878138027
87800 2587.6408878138027
87900 2589.467691485879
88000 2587.0188939339296
88100 2589.0188939339296
88200 2587.967691485879
88300 2585.5188939339296
88400 2584.7432927099035
88500 2583.294495157954
88600 2583.5188939339296
88700 2586.294495157954
88800 2587.0188939339296
88900 2587.57009638198
89000 2587.6725012780807
89100 2586.6212988300304
89200 2586.8969000540546
89300 2585.6212988300304
89400 2586.1725012780807
89500 2584.723703726131
89600 2586.948102502105
89700 2589.723703726131
89800 2589.948102502105
89900 2589.223703726131
90000 2588.223703726131
90100 2587.4993049501554
90200 2588.4993049501554
90300 2590.050507398206
90400 2590.2749061741815
90500 2591.826108622232
90600 2589.601709846258
90700 2588.826108622232
90800 2590.101709846258
90900 2592.101709846258
91000 2592.601709846258
91100 2592.101709846258
91200 2589.826108622232
91300 2590.326108622232
91400 2590.9993049501554
91500 2588.4993049501554
91600 2592.4993049501554
91700 2594.2749061741815
91800 2595.4993049501554
91900 2591.7749061741815
92000 2590.050507398206
92100 2588.723703726131
92200 2588.448102502105
92300 2591.1725012780807
92400 2588.723703726131
92500 2584.948102502105
92600 2588.1725012780807
92700 2589.1725012780807
92800 2588.448102502105
92900 2588.3969000540546
93000 2588.448102502105
93100 2590.1725012780807
93200 2591.3969000540546
93300 2591.3969000540546
93400 2588.3969000540546
93500 2586.948102502105
93600 2586.6212988300304
93700 2588.3969000540546
93800 2590.8969000540546
93900 2591.1725012780807
94000 2588.8456976060043
94100 2590.3456976060043
94200 2590.8456976060043
94300 2592.6212988300304
94400 2595.3456976060043
94500 2595.294495157954
94600 2594.7432927099035
94700 2596.0188939339296
94800 2597.467691485879
94900 2597.916489037829
95000 2600.192090261853
95100 2599.7432927099035
95200 2599.7432927099035
95300 2599.192090261853
95400 2598.6408878138027
95500 2596.0896853657523
95600 2595.314084141728
95700 2595.038482917702
95800 2595.436078021601
95900 2593.8848755735507
96000 2593.1092743495246
96100 2594.160476797575
96200 2593.160476797575
96300 2596.538482917702
96400 2593.9872804696515
96500 2594.9872804696515
96600 2596.7628816936776
96700 2597.9872804696515
96800 2597.2116792456272
96900 2599.2116792456272
97000 2598.2116792456272
97100 2597.8848755735507
97200 2600.28247067745
97300 2599.006869453424
97400 2597.78247067745
97500 2597.006869453424
97600 2594.2312682293996
97700 2593.680065781349
97800 2594.128863333299
97900 2593.3532621092727
98000 2593.3532621092727
98100 2595.0776608852484
98200 2593.8020596612223
98300 2591.8020596612223
98400 2593.128863333299
98500 2591.904464557323
98600 2591.904464557323
98700 2593.128863333299
98800 2592.128863333299
98900 2590.404464557323
99000 2590.180065781349
99100 2589.680065781349
99200 2589.180065781349
99300 2588.128863333299
99400 2590.628863333299
99500 2589.3532621092727
99600 2585.128863333299
99700 2584.8020596612223
99800 2585.250857213172
99900 2584.5776608852484
